1051618982_1.jpg
2
491.000000 156.000000 706.000000 450.000000 1
1133.000000 280.000000 1261.000000 528.000000 1
111076519_1.jpg
2
1053.000000 537.000000 1203.000000 768.000000 1
1148.000000 683.000000 1270.000000 874.000000 1
1130084326_1.jpg
3
504.000000 440.000000 698.000000 726.000000 1
963.000000 162.000000 1137.000000 422.000000 1
1592.000000 471.000000 1788.000000 741.000000 1
1139324862_1.jpg
1
217.000000 121.000000 417.000000 409.000000 1
1204062305_1.jpg
1
442.000000 178.000000 630.000000 461.000000 1
1295311477_1.jpg
2
726.000000 436.000000 899.000000 774.000000 1
1538.000000 282.000000 1736.000000 559.000000 1
134212_1.jpg
2
182.000000 146.000000 366.000000 401.000000 1
717.000000 156.000000 899.000000 391.000000 1
1372188757_1.jpg
2
259.000000 216.000000 432.000000 451.000000 1
429.000000 272.000000 474.000000 327.000000 1
14424972_1.jpg
2
165.000000 711.000000 385.000000 990.000000 1
931.000000 718.000000 1098.000000 1021.000000 1
156474078_1.jpg
2
200.000000 292.000000 370.000000 498.000000 1
826.000000 259.000000 1018.000000 518.000000 1
1587030290_1.jpg
2
793.000000 94.000000 1017.000000 502.000000 1
2203.000000 228.000000 2404.000000 518.000000 1
1602308_1.jpg
1
559.000000 214.000000 779.000000 461.000000 1
1634816_1.jpg
1
398.000000 427.000000 600.000000 686.000000 1
1636651575_1.jpg
1
518.000000 111.000000 740.000000 397.000000 1
16413031_1.jpg
1
230.000000 91.000000 388.000000 309.000000 1
1648807314_1.jpg
4
652.000000 358.000000 849.000000 656.000000 1
1281.000000 350.000000 1484.000000 623.000000 1
1619.000000 244.000000 1723.000000 367.000000 1
1508.000000 440.000000 1587.000000 550.000000 1
170817766_1.jpg
2
128.000000 236.000000 297.000000 484.000000 1
851.000000 226.000000 1073.000000 509.000000 1
174692320_1.jpg
3
399.000000 45.000000 558.000000 314.000000 1
1218.000000 60.000000 1508.000000 526.000000 1
1612.000000 459.000000 2032.000000 1165.000000 1
1814664578_1.jpg
2
244.000000 328.000000 350.000000 474.000000 1
839.000000 370.000000 952.000000 527.000000 1
18489332_1.jpg
12
131.000000 47.000000 220.000000 187.000000 1
355.000000 45.000000 440.000000 193.000000 1
139.000000 353.000000 223.000000 499.000000 1
355.000000 360.000000 433.000000 506.000000 1
134.000000 665.000000 222.000000 806.000000 1
361.000000 665.000000 453.000000 798.000000 1
542.000000 37.000000 654.000000 204.000000 1
550.000000 351.000000 641.000000 510.000000 1
791.000000 40.000000 869.000000 165.000000 1
773.000000 351.000000 887.000000 525.000000 1
549.000000 668.000000 632.000000 808.000000 1
764.000000 666.000000 855.000000 818.000000 1
199759840_1.jpg
1
361.000000 80.000000 513.000000 322.000000 1
2030653815_1.jpg
1
736.000000 442.000000 907.000000 693.000000 1
2043831280_1.jpg
0
2060241469_1.jpg
1
254.000000 488.000000 432.000000 753.000000 1
2086996835_1.jpg
6
350.000000 634.000000 483.000000 831.000000 1
496.000000 649.000000 617.000000 828.000000 1
678.000000 568.000000 807.000000 729.000000 1
875.000000 602.000000 1000.000000 777.000000 1
1034.000000 554.000000 1180.000000 727.000000 1
1386.000000 527.000000 1530.000000 700.000000 1
2099639490_1.jpg
2
452.000000 347.000000 689.000000 645.000000 1
801.000000 116.000000 973.000000 373.000000 1
2118625994_1.jpg
1
941.000000 885.000000 1127.000000 1124.000000 1
2120936774_1.jpg
3
381.000000 188.000000 607.000000 545.000000 1
834.000000 308.000000 1035.000000 544.000000 1
735.000000 832.000000 875.000000 970.000000 1
2122067003_1.jpg
1
565.000000 177.000000 744.000000 400.000000 1
213654866_1.jpg
4
311.000000 307.000000 467.000000 574.000000 1
646.000000 477.000000 781.000000 713.000000 1
1441.000000 564.000000 1562.000000 728.000000 1
2168.000000 666.000000 2307.000000 892.000000 1
2147052512_1.jpg
2
407.000000 235.000000 710.000000 725.000000 1
928.000000 243.000000 1085.000000 501.000000 1
2186255795_1.jpg
2
537.000000 301.000000 641.000000 448.000000 1
707.000000 319.000000 795.000000 418.000000 1
2201628776_1.jpg
1
581.000000 346.000000 745.000000 614.000000 1
2233672250_1.jpg
2
320.000000 340.000000 504.000000 589.000000 1
575.000000 172.000000 767.000000 436.000000 1
2239259_1.jpg
1
300.000000 151.000000 657.000000 583.000000 1
2239710476_1.jpg
4
554.000000 828.000000 700.000000 1107.000000 1
1077.000000 490.000000 1297.000000 779.000000 1
1146.000000 848.000000 1408.000000 1279.000000 1
2535.000000 638.000000 2840.000000 1154.000000 1
225191079_1.jpg
1
402.000000 22.000000 584.000000 297.000000 1
2266416332_1.jpg
1
251.000000 96.000000 508.000000 507.000000 1
22699817_1.jpg
2
256.000000 373.000000 406.000000 600.000000 1
1445.000000 468.000000 1636.000000 848.000000 1
2288136183_1.jpg
1
741.000000 448.000000 947.000000 708.000000 1
2312639559_1.jpg
1
818.000000 858.000000 1003.000000 1116.000000 1
2316734819_1.jpg
1
361.000000 196.000000 579.000000 497.000000 1
2329110240_1.jpg
3
552.000000 303.000000 682.000000 528.000000 1
1073.000000 355.000000 1205.000000 526.000000 1
1602.000000 325.000000 1708.000000 479.000000 1
2339510439_1.jpg
2
977.000000 651.000000 1193.000000 952.000000 1
1945.000000 553.000000 2167.000000 829.000000 1
2353849_1.jpg
3
302.000000 485.000000 475.000000 799.000000 1
1000.000000 444.000000 1126.000000 638.000000 1
710.000000 891.000000 797.000000 1026.000000 1
2372995574_1.jpg
1
268.000000 341.000000 389.000000 507.000000 1
237815567_1.jpg
7
274.000000 575.000000 447.000000 843.000000 1
988.000000 192.000000 1156.000000 432.000000 1
661.000000 1156.000000 854.000000 1366.000000 1
1117.000000 1079.000000 1306.000000 1299.000000 1
1515.000000 800.000000 1671.000000 992.000000 1
2129.000000 1115.000000 2307.000000 1379.000000 1
2320.000000 702.000000 2452.000000 893.000000 1
2392075438_1.jpg
5
205.000000 297.000000 443.000000 674.000000 1
964.000000 520.000000 1169.000000 773.000000 1
1706.000000 475.000000 1897.000000 777.000000 1
1967.000000 397.000000 2260.000000 849.000000 1
1946.000000 391.000000 2018.000000 494.000000 1
2404040793_1.jpg
1
217.000000 198.000000 533.000000 713.000000 1
2406586388_1.jpg
3
179.000000 655.000000 323.000000 842.000000 1
653.000000 603.000000 815.000000 780.000000 1
1679.000000 96.000000 1916.000000 460.000000 1
2417212918_1.jpg
5
604.000000 677.000000 737.000000 834.000000 1
1025.000000 1167.000000 1129.000000 1298.000000 1
1448.000000 829.000000 1538.000000 960.000000 1
1650.000000 1179.000000 1764.000000 1322.000000 1
2145.000000 932.000000 2240.000000 1044.000000 1
2437602091_1.jpg
1
10.000000 82.000000 269.000000 419.000000 1
2451065225_1.jpg
1
184.000000 123.000000 368.000000 343.000000 1
24795717_1.jpg
3
206.000000 108.000000 319.000000 286.000000 1
431.000000 141.000000 560.000000 318.000000 1
611.000000 115.000000 728.000000 292.000000 1
250277765_1.jpg
2
296.000000 109.000000 471.000000 341.000000 1
599.000000 156.000000 743.000000 362.000000 1
2519293956_1.jpg
2
639.000000 171.000000 849.000000 501.000000 1
868.000000 251.000000 1067.000000 567.000000 1
253915276_1.jpg
1
956.000000 299.000000 1146.000000 579.000000 1
255360810_1.jpg
1
534.000000 180.000000 720.000000 465.000000 1
2580479214_1.jpg
2
285.000000 441.000000 460.000000 640.000000 1
894.000000 395.000000 983.000000 549.000000 1
261068_1.jpg
2
245.000000 96.000000 343.000000 244.000000 1
408.000000 149.000000 502.000000 270.000000 1
2653111362_1.jpg
3
373.000000 86.000000 464.000000 235.000000 1
162.000000 173.000000 197.000000 216.000000 1
180.000000 65.000000 236.000000 140.000000 1
270814102_1.jpg
2
300.000000 584.000000 498.000000 892.000000 1
950.000000 673.000000 1133.000000 932.000000 1
2715171150_1.jpg
1
371.000000 98.000000 569.000000 369.000000 1
2751381965_1.jpg
2
1017.000000 277.000000 1216.000000 560.000000 1
1381.000000 194.000000 1587.000000 477.000000 1
2803423910_1.jpg
2
395.000000 193.000000 594.000000 478.000000 1
631.000000 248.000000 840.000000 500.000000 1
2805422179_1.jpg
7
137.000000 174.000000 225.000000 279.000000 1
218.000000 64.000000 280.000000 137.000000 1
0.000000 4.000000 29.000000 49.000000 1
430.000000 187.000000 549.000000 345.000000 1
545.000000 133.000000 674.000000 313.000000 1
631.000000 15.000000 677.000000 90.000000 1
796.000000 76.000000 853.000000 160.000000 1
281972218_1.jpg
2
645.000000 415.000000 822.000000 676.000000 1
917.000000 205.000000 1151.000000 559.000000 1
2844520516_1.jpg
1
67.000000 36.000000 300.000000 339.000000 1
2863107962_1.jpg
3
156.000000 172.000000 276.000000 329.000000 1
392.000000 115.000000 497.000000 275.000000 1
606.000000 698.000000 726.000000 905.000000 1
2911658494_1.jpg
2
191.000000 68.000000 379.000000 365.000000 1
396.000000 401.000000 569.000000 620.000000 1
2939015820_1.jpg
3
78.000000 226.000000 150.000000 357.000000 1
253.000000 95.000000 460.000000 394.000000 1
612.000000 214.000000 677.000000 297.000000 1
3020248483_1.jpg
2
787.000000 499.000000 1071.000000 946.000000 1
1418.000000 769.000000 1593.000000 1016.000000 1
3062021448_1.jpg
2
470.000000 211.000000 720.000000 526.000000 1
1364.000000 355.000000 1520.000000 597.000000 1
3089202157_1.jpg
3
331.000000 759.000000 571.000000 1061.000000 1
1077.000000 589.000000 1252.000000 863.000000 1
1773.000000 774.000000 1974.000000 1053.000000 1
310076750_1.jpg
1
448.000000 219.000000 643.000000 504.000000 1
3116931144_1.jpg
2
395.000000 339.000000 549.000000 581.000000 1
1656.000000 364.000000 1812.000000 638.000000 1
3187108438_1.jpg
1
506.000000 276.000000 706.000000 511.000000 1
3210734866_1.jpg
1
206.000000 138.000000 329.000000 293.000000 1
3284354538_1.jpg
3
562.000000 595.000000 766.000000 887.000000 1
1305.000000 658.000000 1478.000000 887.000000 1
2198.000000 518.000000 2377.000000 770.000000 1
3331716292_1.jpg
1
168.000000 137.000000 366.000000 403.000000 1
3346359383_1.jpg
3
361.000000 294.000000 580.000000 606.000000 1
1162.000000 371.000000 1333.000000 618.000000 1
1989.000000 383.000000 2166.000000 602.000000 1
3363054468_1.jpg
1
297.000000 307.000000 405.000000 455.000000 1
342149506_1.jpg
2
498.000000 309.000000 688.000000 618.000000 1
1244.000000 245.000000 1423.000000 528.000000 1
3464901851_1.jpg
1
719.000000 491.000000 929.000000 745.000000 1
346731834_1.jpg
1
273.000000 471.000000 431.000000 736.000000 1
347629355_1.jpg
2
830.000000 434.000000 1109.000000 775.000000 1
1164.000000 545.000000 1389.000000 816.000000 1
347826333_1.jpg
2
354.000000 237.000000 557.000000 499.000000 1
658.000000 147.000000 922.000000 507.000000 1
3504938758_1.jpg
3
269.000000 656.000000 422.000000 912.000000 1
997.000000 422.000000 1175.000000 642.000000 1
1710.000000 291.000000 1894.000000 517.000000 1
3532475790_1.jpg
2
740.000000 382.000000 929.000000 644.000000 1
1124.000000 315.000000 1291.000000 579.000000 1
3576294411_1.jpg
2
791.000000 204.000000 1027.000000 505.000000 1
1304.000000 339.000000 1502.000000 603.000000 1
364259537_1.jpg
2
833.000000 411.000000 958.000000 603.000000 1
1580.000000 504.000000 1713.000000 731.000000 1
3662810723_1.jpg
4
1002.000000 872.000000 1257.000000 1360.000000 1
1563.000000 596.000000 1890.000000 1072.000000 1
2260.000000 963.000000 2530.000000 1415.000000 1
3048.000000 533.000000 3269.000000 860.000000 1
3684472818_1.jpg
2
871.000000 149.000000 1075.000000 477.000000 1
1075.000000 307.000000 1277.000000 588.000000 1
37096733_1.jpg
2
394.000000 218.000000 598.000000 503.000000 1
822.000000 120.000000 1058.000000 438.000000 1
3729198156_1.jpg
8
170.000000 913.000000 504.000000 1546.000000 1
391.000000 519.000000 675.000000 926.000000 1
675.000000 471.000000 884.000000 782.000000 1
1079.000000 159.000000 1238.000000 388.000000 1
1149.000000 482.000000 1299.000000 725.000000 1
2147.000000 620.000000 2527.000000 1391.000000 1
2647.000000 196.000000 2844.000000 489.000000 1
2516.000000 163.000000 2680.000000 415.000000 1
378492784_1.jpg
2
276.000000 1.000000 541.000000 363.000000 1
571.000000 278.000000 758.000000 568.000000 1
3796238727_1.jpg
3
533.000000 300.000000 759.000000 620.000000 1
998.000000 400.000000 1182.000000 700.000000 1
1695.000000 347.000000 2040.000000 765.000000 1
3854178896_1.jpg
1
312.000000 92.000000 498.000000 342.000000 1
3858593140_1.jpg
2
174.000000 66.000000 279.000000 198.000000 1
472.000000 197.000000 571.000000 368.000000 1
3873491482_1.jpg
1
286.000000 153.000000 472.000000 427.000000 1
3893740955_1.jpg
2
565.000000 553.000000 740.000000 821.000000 1
1570.000000 597.000000 1758.000000 863.000000 1
3929640120_1.jpg
2
1.000000 142.000000 41.000000 266.000000 1
227.000000 23.000000 361.000000 261.000000 1
3944399031_1.jpg
2
464.000000 654.000000 600.000000 903.000000 1
941.000000 252.000000 1162.000000 593.000000 1
397921011_1.jpg
2
352.000000 417.000000 624.000000 815.000000 1
655.000000 206.000000 1002.000000 796.000000 1
3989161_1.jpg
1
152.000000 159.000000 375.000000 439.000000 1
399829006_1.jpg
1
226.000000 155.000000 368.000000 371.000000 1
40014967_1.jpg
1
183.000000 111.000000 340.000000 371.000000 1
4009440741_1.jpg
2
451.000000 164.000000 667.000000 450.000000 1
934.000000 254.000000 1150.000000 511.000000 1
4017305068_1.jpg
1
433.000000 145.000000 519.000000 254.000000 1
4022732812_1.jpg
4
567.000000 875.000000 770.000000 1164.000000 1
905.000000 351.000000 1083.000000 612.000000 1
1245.000000 1117.000000 1511.000000 1368.000000 1
1903.000000 493.000000 2013.000000 664.000000 1
406798473_1.jpg
3
315.000000 349.000000 442.000000 516.000000 1
523.000000 384.000000 652.000000 547.000000 1
823.000000 383.000000 960.000000 577.000000 1
4082680322_1.jpg
1
326.000000 168.000000 421.000000 321.000000 1
410225851_1.jpg
2
264.000000 313.000000 380.000000 481.000000 1
987.000000 407.000000 1109.000000 633.000000 1
4141887018_1.jpg
1
515.000000 65.000000 695.000000 361.000000 1
4145388945_1.jpg
4
628.000000 427.000000 916.000000 782.000000 1
996.000000 488.000000 1263.000000 887.000000 1
1437.000000 722.000000 1553.000000 893.000000 1
1796.000000 497.000000 2002.000000 764.000000 1
4174638819_1.jpg
1
147.000000 36.000000 430.000000 392.000000 1
4237203680_1.jpg
4
469.000000 426.000000 552.000000 547.000000 1
644.000000 362.000000 835.000000 656.000000 1
848.000000 358.000000 1056.000000 614.000000 1
800.000000 199.000000 866.000000 328.000000 1
4239974048_1.jpg
4
223.000000 493.000000 493.000000 938.000000 1
753.000000 350.000000 945.000000 715.000000 1
1201.000000 287.000000 1384.000000 584.000000 1
1588.000000 269.000000 1784.000000 523.000000 1
4250120238_1.jpg
1
360.000000 122.000000 557.000000 460.000000 1
4253907822_1.jpg
1
243.000000 149.000000 444.000000 416.000000 1
4285163979_1.jpg
10
547.000000 721.000000 735.000000 944.000000 1
811.000000 713.000000 980.000000 948.000000 1
1291.000000 772.000000 1430.000000 991.000000 1
1205.000000 602.000000 1307.000000 747.000000 1
1129.000000 331.000000 1258.000000 539.000000 1
1448.000000 441.000000 1565.000000 613.000000 1
1577.000000 725.000000 1753.000000 941.000000 1
1904.000000 486.000000 2031.000000 647.000000 1
2008.000000 418.000000 2153.000000 610.000000 1
2215.000000 437.000000 2411.000000 692.000000 1
4332978153_1.jpg
1
249.000000 12.000000 576.000000 515.000000 1
4337161543_1.jpg
1
283.000000 80.000000 385.000000 253.000000 1
4351876664_1.jpg
1
133.000000 311.000000 409.000000 637.000000 1
437595409_1.jpg
1
336.000000 194.000000 518.000000 450.000000 1
4400753623_1.jpg
6
153.000000 416.000000 510.000000 1088.000000 1
569.000000 234.000000 823.000000 711.000000 1
1038.000000 249.000000 1246.000000 589.000000 1
2227.000000 317.000000 2428.000000 569.000000 1
2630.000000 473.000000 2923.000000 930.000000 1
2376.000000 784.000000 2516.000000 1025.000000 1
442651885_1.jpg
1
482.000000 200.000000 657.000000 451.000000 1
442743156_1.jpg
5
176.000000 242.000000 275.000000 376.000000 1
298.000000 224.000000 396.000000 401.000000 1
392.000000 292.000000 507.000000 490.000000 1
889.000000 375.000000 1001.000000 551.000000 1
1167.000000 336.000000 1323.000000 592.000000 1
4471110141_1.jpg
2
126.000000 180.000000 367.000000 510.000000 1
430.000000 639.000000 636.000000 884.000000 1
447910249_1.jpg
1
437.000000 191.000000 614.000000 470.000000 1
448291547_1.jpg
3
423.000000 408.000000 554.000000 670.000000 1
971.000000 364.000000 1123.000000 588.000000 1
1650.000000 405.000000 1787.000000 596.000000 1
4492032921_1.jpg
1
385.000000 70.000000 555.000000 367.000000 1
45092961_1.jpg
2
642.000000 428.000000 755.000000 588.000000 1
934.000000 485.000000 1056.000000 619.000000 1
4512714865_1.jpg
1
335.000000 70.000000 532.000000 365.000000 1
4520272436_1.jpg
1
479.000000 134.000000 655.000000 398.000000 1
4538917191_1.jpg
32
17.000000 357.000000 152.000000 535.000000 1
372.000000 603.000000 518.000000 783.000000 1
0.000000 1141.000000 92.000000 1366.000000 1
32.000000 1729.000000 255.000000 1982.000000 1
603.000000 1101.000000 763.000000 1316.000000 1
770.000000 1338.000000 948.000000 1536.000000 1
1061.000000 1031.000000 1238.000000 1236.000000 1
941.000000 665.000000 1086.000000 875.000000 1
1203.000000 658.000000 1336.000000 875.000000 1
1026.000000 295.000000 1166.000000 468.000000 1
540.000000 270.000000 693.000000 465.000000 1
1551.000000 302.000000 1691.000000 500.000000 1
1659.000000 618.000000 1761.000000 798.000000 1
1639.000000 850.000000 1837.000000 1108.000000 1
1256.000000 1394.000000 1421.000000 1626.000000 1
1286.000000 1714.000000 1481.000000 1977.000000 1
595.000000 1877.000000 795.000000 2114.000000 1
1932.000000 310.000000 2059.000000 495.000000 1
2605.000000 257.000000 2750.000000 463.000000 1
2652.000000 613.000000 2803.000000 815.000000 1
3020.000000 262.000000 3153.000000 442.000000 1
3135.000000 703.000000 3278.000000 903.000000 1
2758.000000 1006.000000 2930.000000 1248.000000 1
2960.000000 1278.000000 3110.000000 1514.000000 1
2647.000000 1882.000000 2845.000000 2162.000000 1
3644.000000 120.000000 3776.000000 307.000000 1
3646.000000 300.000000 3791.000000 495.000000 1
3453.000000 625.000000 3636.000000 830.000000 1
3528.000000 873.000000 3664.000000 1086.000000 1
3361.000000 1321.000000 3518.000000 1549.000000 1
3163.000000 1964.000000 3346.000000 2207.000000 1
3496.000000 1977.000000 3716.000000 2232.000000 1
4553922208_1.jpg
5
1304.000000 255.000000 1653.000000 811.000000 1
0.000000 691.000000 181.000000 921.000000 1
886.000000 718.000000 1000.000000 875.000000 1
1814.000000 405.000000 2114.000000 858.000000 1
2514.000000 551.000000 2732.000000 873.000000 1
4555082379_1.jpg
1
629.000000 250.000000 820.000000 498.000000 1
4560029166_1.jpg
1
251.000000 94.000000 387.000000 295.000000 1
4573422380_1.jpg
2
533.000000 222.000000 723.000000 507.000000 1
1350.000000 370.000000 1533.000000 603.000000 1
4584451140_1.jpg
2
539.000000 118.000000 731.000000 361.000000 1
1320.000000 532.000000 1495.000000 780.000000 1
4683040401_1.jpg
2
375.000000 632.000000 556.000000 932.000000 1
899.000000 532.000000 1111.000000 816.000000 1
4739664721_1.jpg
1
405.000000 138.000000 585.000000 444.000000 1
4758145781_1.jpg
3
516.000000 196.000000 782.000000 589.000000 1
1318.000000 283.000000 1550.000000 633.000000 1
2300.000000 5.000000 2497.000000 355.000000 1
47618649_1.jpg
2
211.000000 158.000000 386.000000 389.000000 1
606.000000 52.000000 736.000000 229.000000 1
4774338842_1.jpg
2
589.000000 473.000000 791.000000 755.000000 1
1426.000000 415.000000 1624.000000 666.000000 1
4801259916_1.jpg
1
353.000000 189.000000 542.000000 472.000000 1
4821642_1.jpg
1
292.000000 90.000000 520.000000 405.000000 1
4856974482_2.jpg
10
778.000000 441.000000 942.000000 680.000000 1
567.000000 634.000000 703.000000 847.000000 1
1049.000000 495.000000 1320.000000 867.000000 1
1346.000000 418.000000 1513.000000 625.000000 1
2171.000000 213.000000 2283.000000 380.000000 1
2459.000000 954.000000 2664.000000 1280.000000 1
1081.000000 1897.000000 1300.000000 2211.000000 1
1571.000000 1588.000000 1781.000000 1891.000000 1
2845.000000 1652.000000 3093.000000 2026.000000 1
3592.000000 89.000000 3722.000000 288.000000 1
4880083461_1.jpg
1
501.000000 274.000000 725.000000 574.000000 1
4906266640_1.jpg
2
930.000000 711.000000 1133.000000 952.000000 1
1861.000000 635.000000 2059.000000 903.000000 1
4970182488_1.jpg
1
597.000000 195.000000 790.000000 474.000000 1
5002723411_1.jpg
3
627.000000 265.000000 810.000000 575.000000 1
980.000000 408.000000 1164.000000 668.000000 1
1581.000000 536.000000 1785.000000 828.000000 1
5007442_1.jpg
2
54.000000 116.000000 313.000000 486.000000 1
670.000000 36.000000 982.000000 492.000000 1
5020454673_1.jpg
1
161.000000 202.000000 478.000000 618.000000 1
5065140719_1.jpg
4
264.000000 896.000000 416.000000 1172.000000 1
478.000000 1110.000000 638.000000 1317.000000 1
1602.000000 932.000000 1799.000000 1232.000000 1
1429.000000 384.000000 1583.000000 583.000000 1
507521047_1.jpg
2
388.000000 275.000000 571.000000 578.000000 1
726.000000 206.000000 924.000000 496.000000 1
5082623456_1.jpg
3
61.000000 72.000000 145.000000 200.000000 1
501.000000 87.000000 589.000000 210.000000 1
1015.000000 194.000000 1119.000000 351.000000 1
5083671561_2.jpg
5
341.000000 1615.000000 508.000000 1815.000000 1
388.000000 766.000000 595.000000 1020.000000 1
1829.000000 1085.000000 2000.000000 1339.000000 1
1829.000000 1415.000000 2058.000000 1706.000000 1
1608.000000 1630.000000 1800.000000 1869.000000 1
5106695994_1.jpg
6
250.000000 469.000000 434.000000 719.000000 1
640.000000 591.000000 808.000000 841.000000 1
1312.000000 483.000000 1479.000000 729.000000 1
1541.000000 491.000000 1727.000000 744.000000 1
1948.000000 597.000000 2141.000000 828.000000 1
2302.000000 516.000000 2490.000000 733.000000 1
5144909700_1.jpg
3
161.000000 419.000000 345.000000 686.000000 1
455.000000 330.000000 640.000000 636.000000 1
761.000000 397.000000 968.000000 693.000000 1
5151536225_1.jpg
3
171.000000 421.000000 415.000000 717.000000 1
1042.000000 304.000000 1408.000000 749.000000 1
1835.000000 546.000000 1980.000000 789.000000 1
5151536225_2.jpg
3
171.000000 421.000000 415.000000 717.000000 1
1042.000000 304.000000 1408.000000 749.000000 1
1835.000000 546.000000 1980.000000 789.000000 1
5188566452_1.jpg
1
523.000000 263.000000 751.000000 604.000000 1
5201079592_1.jpg
1
102.000000 193.000000 307.000000 429.000000 1
5204730083_1.jpg
7
321.000000 994.000000 485.000000 1193.000000 1
748.000000 944.000000 912.000000 1140.000000 1
1155.000000 1128.000000 1295.000000 1318.000000 1
1438.000000 1506.000000 1587.000000 1734.000000 1
1757.000000 1102.000000 1897.000000 1298.000000 1
2009.000000 947.000000 2166.000000 1143.000000 1
2485.000000 766.000000 2713.000000 1096.000000 1
5301057994_1.jpg
1
734.000000 970.000000 881.000000 1187.000000 1
539722510_1.jpg
1
380.000000 167.000000 578.000000 437.000000 1
5452623_1.jpg
1
606.000000 257.000000 791.000000 506.000000 1
56054945_1.jpg
1
704.000000 444.000000 870.000000 686.000000 1
642820626_1.jpg
1
511.000000 269.000000 758.000000 584.000000 1
658607626_1.jpg
1
345.000000 201.000000 632.000000 544.000000 1
70037463_1.jpg
2
475.000000 222.000000 680.000000 532.000000 1
1011.000000 425.000000 1244.000000 747.000000 1
719902933_1.jpg
3
373.000000 209.000000 658.000000 687.000000 1
753.000000 378.000000 922.000000 654.000000 1
1050.000000 460.000000 1185.000000 651.000000 1
79378097_1.jpg
6
329.000000 756.000000 567.000000 1073.000000 1
755.000000 762.000000 951.000000 1081.000000 1
731.000000 40.000000 835.000000 177.000000 1
994.000000 188.000000 1131.000000 353.000000 1
1054.000000 368.000000 1167.000000 527.000000 1
1264.000000 425.000000 1398.000000 577.000000 1
815038_1.jpg
2
57.000000 342.000000 253.000000 629.000000 1
634.000000 600.000000 828.000000 831.000000 1
82161078_1.jpg
1
304.000000 120.000000 554.000000 515.000000 1
823016568_1.jpg
4
462.000000 368.000000 684.000000 706.000000 1
933.000000 236.000000 1107.000000 499.000000 1
1057.000000 530.000000 1261.000000 810.000000 1
725.000000 819.000000 875.000000 979.000000 1
878985234_1.jpg
1
237.000000 106.000000 471.000000 442.000000 1
88094323_1.jpg
1
405.000000 58.000000 587.000000 356.000000 1
899545263_1.jpg
1
260.000000 106.000000 412.000000 303.000000 1
90800092_1.jpg
7
311.000000 423.000000 406.000000 571.000000 1
590.000000 385.000000 691.000000 520.000000 1
841.000000 327.000000 938.000000 476.000000 1
1165.000000 351.000000 1258.000000 491.000000 1
1002.000000 407.000000 1026.000000 443.000000 1
1094.000000 377.000000 1122.000000 415.000000 1
1293.000000 431.000000 1372.000000 543.000000 1
91328372_1.jpg
1
77.000000 132.000000 255.000000 360.000000 1
9545523490_1.jpg
2
158.000000 90.000000 294.000000 302.000000 1
369.000000 97.000000 520.000000 286.000000 1
955659370_1.jpg
2
80.000000 582.000000 312.000000 865.000000 1
733.000000 394.000000 1025.000000 840.000000 1
